9
87
33 11 68 25 83 76 48 53 63 7 17 51 41 61 15 2 6 72 65 60 14 87 32 44 46 31 36 4 25 68 29 14 52 49 60 79 38 49 69 48 30 18 82 30 13 21 73 59 13 23 79 24 65 53 79 14 67 15 81 8 26 1 3 71 48 31 29 24 42 53 87 12 63 42 8 56 78 2 51 20 71 45 53 87 24 77 12 
55
3 36 15 44 23 27 9 38 6 17 13 19 3 21 11 46 25 16 48 4 28 52 2 23 27 39 16 24 38 33 11 26 22 27 28 23 33 1 49 41 50 48 7 28 45 5 25 23 26 13 24 41 15 28 13 
63
52 2 40 19 12 54 18 59 17 63 59 13 43 17 14 58 21 36 45 17 4 31 36 45 17 9 30 14 58 33 28 13 14 45 12 57 25 2 51 5 17 24 57 49 14 8 54 45 63 23 36 15 51 28 3 33 53 9 29 6 41 43 3 
70
3 14 57 49 52 9 16 40 23 58 6 44 43 38 26 23 40 8 12 4 44 14 48 29 2 70 62 44 68 12 9 69 47 24 56 35 61 8 66 68 63 30 64 14 55 49 18 14 23 68 42 7 9 31 41 53 10 58 3 14 19 11 54 17 39 58 24 68 47 42 
25
23 10 19 12 1 7 6 9 2 7 2 23 8 11 10 6 19 18 8 22 3 25 7 11 5 
94
69 4 49 74 44 22 20 15 81 8 34 30 29 24 70 3 49 69 57 49 43 6 80 1 3 3 12 36 85 28 23 57 45 30 70 68 48 3 74 28 3 73 44 62 13 23 63 9 12 82 63 76 60 30 67 5 32 9 59 18 86 55 84 54 42 86 2 7 23 88 19 75 86 10 79 85 88 91 29 13 81 70 48 10 10 72 37 50 67 21 24 94 86 69 
73
34 24 32 8 58 17 65 1 48 16 58 19 33 51 54 59 11 50 13 61 64 63 62 58 50 24 16 41 12 35 38 62 36 5 26 6 56 26 50 12 17 73 58 14 27 19 13 50 69 53 45 48 29 10 15 31 47 9 33 20 14 23 56 41 35 63 37 22 19 19 71 29 7 
91
14 67 55 56 78 27 69 29 79 22 40 22 50 73 60 61 72 6 53 15 45 28 14 54 88 3 15 11 37 42 25 88 74 28 2 78 32 59 60 41 83 44 82 10 28 86 15 65 65 11 66 14 78 8 3 83 20 72 84 39 17 50 12 77 8 40 70 3 80 80 80 78 34 77 28 44 23 49 36 78 44 60 63 20 75 31 78 90 39 34 51 
88
35 12 43 26 80 26 47 76 84 81 2 82 23 62 63 11 46 82 43 81 26 27 65 59 21 18 54 46 16 84 76 39 40 42 83 50 68 32 12 71 41 57 68 23 54 33 63 11 72 34 3 38 7 24 64 46 31 77 63 23 33 78 16 32 87 19 10 3 83 75 55 41 64 54 69 60 15 41 22 52 4 14 49 3 71 1 79 1 
