7
51
23 23 22 27 14 45 20 25 23 22 31 11 40 18 18 19 29 30 27 31 30 39 24 3 15 44 27 48 22 2 21 13 47 11 11 51 15 13 17 34 32 31 48 46 44 7 47 44 40 22 6 
98
92 52 10 28 31 86 80 15 29 22 40 51 48 67 94 23 50 16 71 20 54 17 15 10 81 23 92 40 33 79 58 81 97 42 64 89 79 63 5 33 64 76 42 68 5 85 46 16 49 53 73 14 75 83 65 11 25 34 24 63 16 87 77 67 13 94 30 57 63 47 67 71 16 2 48 97 28 95 66 31 73 23 77 49 17 2 73 61 21 29 86 91 2 64 41 4 62 39 
42
7 15 21 32 9 14 2 33 32 15 35 12 17 26 31 41 37 7 40 41 17 2 35 42 1 11 32 22 41 9 3 24 35 28 1 20 15 14 18 1 36 28 
90
47 82 52 45 84 71 36 63 49 37 78 20 52 17 30 88 9 27 21 70 60 7 29 19 7 88 62 58 50 54 19 34 41 43 74 5 14 71 22 72 6 79 17 50 65 57 13 15 7 34 36 49 90 31 81 29 10 11 53 69 85 86 12 88 49 49 67 19 59 75 1 50 83 54 40 8 73 19 60 79 82 29 37 83 81 75 33 73 62 83 
44
21 1 16 19 19 20 22 9 35 6 43 36 9 28 33 22 12 31 9 35 21 42 38 8 10 24 33 18 27 35 16 17 40 18 27 37 29 28 26 40 13 14 1 41 
67
64 53 43 33 30 66 55 12 14 61 30 63 4 33 16 55 26 65 30 66 58 29 43 36 7 41 42 23 12 52 48 32 7 10 36 9 32 31 65 63 47 24 20 22 9 36 57 54 24 1 35 58 39 16 67 31 47 66 61 40 25 34 63 42 54 63 35 
27
24 20 8 2 15 23 13 22 16 16 15 18 8 6 15 3 2 15 21 17 3 27 19 23 8 5 16 
