10
41
27 19 16 7 31 18 23 41 18 33 32 29 26 34 32 15 18 4 2 23 31 3 5 33 3 31 25 1 16 26 27 21 10 3 37 11 27 33 2 23 28 
40
5 28 10 3 7 4 7 18 37 20 17 38 10 3 12 4 5 29 35 24 1 34 9 30 4 31 33 26 11 19 23 32 13 12 13 5 12 40 39 19 
51
25 16 8 46 26 2 21 32 33 10 30 12 27 35 3 27 40 48 43 8 38 32 45 44 34 42 44 49 6 46 26 51 46 29 34 20 3 44 5 16 4 33 36 43 35 41 13 27 25 5 41 
36
28 2 11 10 30 20 18 14 5 32 25 9 7 28 18 33 19 9 34 22 30 36 21 16 26 21 3 8 13 3 31 35 3 30 28 27 
29
3 5 28 8 25 16 11 11 8 28 11 27 2 8 24 4 27 28 22 29 13 15 12 11 4 6 9 20 23 
62
24 59 4 61 1 4 61 59 51 43 9 34 62 53 37 41 8 35 40 49 35 29 6 28 42 34 14 1 14 7 9 24 59 32 39 60 7 55 10 49 8 53 60 58 20 30 16 31 52 29 13 17 9 27 29 48 58 40 11 16 46 22 
85
52 83 83 5 28 75 82 21 84 73 30 69 47 55 76 17 85 1 9 71 28 60 50 64 24 58 71 13 33 1 27 64 10 41 6 45 1 75 41 7 21 17 75 47 57 60 2 57 20 70 20 48 25 28 34 62 75 66 61 46 10 73 63 4 80 69 25 17 72 65 4 64 18 76 71 17 43 66 7 80 25 27 16 48 76 
77
74 2 27 73 67 70 45 66 1 38 49 2 41 54 36 53 3 16 66 26 7 19 66 2 28 16 11 1 25 3 64 40 73 32 8 76 53 51 10 11 63 44 41 69 41 54 18 41 16 3 67 44 22 23 13 20 6 8 37 70 28 43 69 47 25 3 10 27 31 56 19 2 33 57 4 57 55 
94
93 39 8 32 76 46 91 81 74 91 51 51 57 10 64 19 41 70 45 84 88 92 55 23 66 8 93 11 49 25 15 73 81 75 88 16 81 73 6 6 40 19 2 25 28 39 32 28 69 10 88 56 52 59 65 22 91 3 35 38 86 31 80 24 50 85 71 91 80 36 31 91 63 88 49 49 66 71 24 72 60 32 82 27 20 25 14 82 20 36 65 42 56 68 
86
10 47 73 4 3 21 10 75 67 65 3 66 56 9 28 10 27 22 8 32 35 48 71 69 84 10 32 84 85 58 66 8 13 42 5 57 41 26 30 29 59 60 73 40 41 14 72 41 54 25 30 28 9 57 57 30 46 49 56 69 84 14 18 48 43 85 46 30 41 4 58 37 41 3 60 22 19 47 68 17 4 19 7 37 52 65 
