5
87
70 63 75 57 66 58 64 18 20 80 71 54 43 60 28 87 73 21 26 5 59 10 49 25 47 76 59 10 46 86 31 26 59 37 23 86 52 74 55 51 31 64 85 31 38 86 86 28 54 45 85 48 7 17 36 31 44 31 8 28 49 21 30 70 60 23 54 51 57 54 55 62 13 13 87 54 81 34 77 71 39 71 62 24 66 30 73 
83
48 74 41 7 73 4 8 71 30 32 45 23 26 14 12 80 35 23 55 58 4 41 75 44 78 60 41 58 65 31 27 5 73 58 69 79 41 59 62 42 55 67 47 27 11 69 66 78 75 58 81 39 70 81 31 75 6 11 11 82 40 55 77 51 33 66 63 67 20 63 75 67 6 65 49 47 1 42 61 72 81 12 6 
51
43 35 28 30 15 21 13 21 27 8 2 24 13 7 49 43 22 32 31 42 33 29 2 22 9 7 12 6 26 35 20 1 43 42 37 28 35 14 51 5 39 16 14 19 36 47 32 42 43 30 8 
73
1 32 38 64 59 3 5 19 3 20 18 9 60 47 1 65 32 56 3 34 48 8 34 47 65 47 13 63 28 71 7 26 23 71 8 39 55 42 16 28 30 1 56 24 29 6 33 33 51 44 3 69 52 40 60 59 53 5 11 33 10 17 11 30 9 65 2 20 6 60 57 51 65 
51
1 33 49 35 5 32 7 18 23 6 30 34 10 49 24 18 43 40 45 44 32 9 16 22 36 40 44 15 19 13 3 39 27 40 40 23 32 1 41 24 21 35 51 7 38 31 50 45 44 50 10 
