5
42
10 27 25 24 6 22 32 36 21 6 24 38 22 30 23 1 7 25 9 31 27 2 6 27 41 22 20 1 9 12 10 3 29 23 23 33 2 19 12 15 2 32 
58
5 13 23 6 3 14 14 54 29 3 3 40 18 15 5 44 21 37 40 1 29 54 34 51 25 40 45 27 5 31 39 21 4 45 47 51 43 56 35 40 57 37 47 44 47 1 40 28 45 18 12 14 23 11 54 1 46 45 
98
70 16 94 13 54 33 24 79 30 90 42 1 43 54 48 34 16 46 14 72 80 31 94 51 79 13 23 20 54 57 68 50 94 5 85 82 89 12 63 55 10 29 50 24 48 4 22 79 30 22 28 45 25 12 27 41 96 8 55 8 97 34 93 98 13 1 68 55 18 95 43 97 58 53 55 7 12 92 55 25 82 70 71 23 66 90 34 45 76 92 94 26 42 70 34 19 93 80 
59
8 14 34 52 42 22 56 1 54 38 46 28 49 28 41 11 55 38 14 40 25 10 53 4 51 52 51 42 16 26 12 58 34 21 49 31 9 19 15 36 59 5 13 49 28 37 27 59 47 51 42 39 45 7 29 49 49 9 43 
71
4 66 37 30 17 10 16 13 10 59 29 68 28 10 29 19 43 45 66 12 68 21 17 10 59 1 45 26 19 28 9 5 11 50 64 54 2 11 7 63 57 64 29 29 4 71 22 22 70 34 66 26 58 34 18 3 11 50 34 56 69 47 29 69 38 49 63 40 31 24 13 
