8
99
13 65 2 92 52 39 17 94 8 98 67 21 89 90 28 50 59 54 36 31 64 81 7 44 56 14 42 50 92 56 48 69 41 99 4 32 37 91 63 20 23 94 78 47 43 50 37 69 30 82 15 26 12 86 35 90 54 8 43 51 49 67 94 55 5 52 68 89 55 84 15 48 78 40 87 22 72 48 49 31 30 58 34 48 83 7 67 88 61 46 27 27 67 46 58 74 99 99 35 
99
40 73 29 36 95 73 7 82 99 65 89 77 35 39 53 64 41 56 54 10 43 11 10 18 23 45 24 12 47 35 49 52 14 10 49 60 84 51 85 79 42 74 59 10 92 94 77 86 46 67 71 28 49 96 34 69 89 59 1 33 83 90 30 23 33 89 36 44 74 23 47 45 55 19 90 18 5 9 98 93 24 69 13 20 24 70 43 64 99 77 55 7 18 97 51 3 63 93 10 
54
21 14 22 38 1 18 48 51 5 18 34 13 17 42 34 11 36 3 48 3 26 30 40 54 4 13 20 10 51 39 10 1 13 27 20 12 14 36 23 11 35 18 49 5 4 1 51 25 48 48 16 39 20 30 
34
10 27 21 21 19 18 20 1 33 12 6 30 24 5 16 4 19 23 34 6 10 14 18 32 15 20 33 13 15 8 2 26 6 24 
50
11 35 15 23 35 13 36 39 41 19 8 10 38 19 39 38 25 35 44 28 39 33 13 31 25 22 15 39 21 48 45 15 17 2 12 47 44 6 21 21 37 32 28 31 36 25 35 1 14 10 
93
21 60 45 32 44 5 21 16 48 83 2 29 33 41 28 31 50 28 1 28 60 59 12 30 63 41 25 64 80 81 77 70 83 18 47 34 51 26 7 60 37 81 16 31 82 80 60 66 90 19 12 2 29 38 26 55 89 69 11 13 14 86 63 54 3 34 89 37 40 77 20 83 39 69 30 55 90 5 88 24 39 76 90 6 36 70 85 48 69 21 62 55 67 
69
54 38 63 4 23 48 15 33 41 69 22 28 29 47 6 42 23 6 50 30 8 38 18 65 32 68 64 38 37 63 52 39 6 55 51 47 69 10 18 12 8 1 65 38 35 69 63 62 20 22 56 8 58 48 29 19 32 55 37 7 64 40 10 45 36 43 57 28 58 
54
52 11 48 49 32 35 11 16 49 43 34 12 53 25 37 44 3 8 12 21 35 51 25 47 19 54 20 13 52 51 46 25 53 32 16 34 50 40 3 17 53 45 37 46 50 27 15 6 18 35 17 49 33 12 
